{
  "asset_classes": [
    "kr-large-cap",
    "kr-dividend",
    "us-large-cap",
    "us-tech",
    "kr-treasuries-10y",
    "us-treasuries-10y",
    "us-ig-credit",
    "gold",
    "kofr-cash",
    "money-market"
  ],
  "covariance": [
    [
      0.03263111443734778,
      0.025401903196339705,
      0.007287553367377886,
      0.011704095384958653,
      0.0004993624950428289,
      -0.0028624841380600267,
      -0.0014208214696353097,
      0.004735183500854474,
      6.24640025517836e-06,
      9.630879017105508e-05
    ],
    [
      0.025401903196339705,
      0.0329463146924196,
      0.007578364247201774,
      0.011839747313706796,
      0.0004999881293062444,
      -0.003658654828492954,
      -0.0019452725311968474,
      0.005017356094533918,
      6.1549150548098015e-06,
      8.70408139627297e-05
    ],
    [
      0.007287553367377886,
      0.007578364247201774,
      0.036051119423057706,
      0.029329947069665612,
      0.00011803868509970079,
      -0.0021797331779605756,
      0.0007833163756328803,
      0.0014651560084458343,
      6.2219461052228336e-06,
      7.207532316551486e-05
    ],
    [
      0.011704095384958653,
      0.011839747313706796,
      0.029329947069665612,
      0.06800160925368379,
      -3.8256679568244174e-05,
      -0.002065345542146814,
      0.0005183525946969116,
      -0.00028323034722066334,
      6.395559111475133e-06,
      6.484551930848657e-05
    ],
    [
      0.0004993624950428289,
      0.0004999881293062444,
      0.00011803868509970079,
      -3.8256679568244174e-05,
      0.0029453056314821496,
      0.0004474804332135706,
      0.000784841995106245,
      0.0011794031596405541,
      3.9829683414121985e-06,
      4.980115942921361e-05
    ],
    [
      -0.0028624841380600267,
      -0.003658654828492954,
      -0.0021797331779605756,
      -0.002065345542146814,
      0.0004474804332135706,
      0.005923953413903271,
      0.002617883625592972,
      2.7830602880286264e-05,
      4.869159563160008e-06,
      4.83975245715065e-05
    ],
    [
      -0.0014208214696353097,
      -0.0019452725311968474,
      0.0007833163756328803,
      0.0005183525946969116,
      0.000784841995106245,
      0.002617883625592972,
      0.008977580353384973,
      -3.197510825638451e-06,
      5.260324053390749e-06,
      6.841636625772204e-05
    ],
    [
      0.004735183500854474,
      0.005017356094533918,
      0.0014651560084458343,
      -0.00028323034722066334,
      0.0011794031596405541,
      2.7830602880286264e-05,
      -3.197510825638451e-06,
      0.03381197017458608,
      6.26693531932691e-06,
      3.810773763153528e-05
    ],
    [
      6.24640025517836e-06,
      6.1549150548098015e-06,
      6.2219461052228336e-06,
      6.395559111475133e-06,
      3.9829683414121985e-06,
      4.869159563160008e-06,
      5.260324053390749e-06,
      6.26693531932691e-06,
      2.1229277511785194e-06,
      1.4205968257559674e-06
    ],
    [
      9.630879017105508e-05,
      8.70408139627297e-05,
      7.207532316551486e-05,
      6.484551930848657e-05,
      4.980115942921361e-05,
      4.83975245715065e-05,
      6.841636625772204e-05,
      3.810773763153528e-05,
      1.4205968257559674e-06,
      0.0002507599590361526
    ]
  ],
  "correlation": [
    [
      1.0,
      0.7747237720624357,
      0.2124743051845355,
      0.2484633315147399,
      0.05093716668351729,
      -0.20588339368647812,
      -0.08301257915308854,
      0.14255603972513148,
      0.023732650800081953,
      0.033668276024797224
    ],
    [
      0.7747237720624357,
      1.0,
      0.219893644331163,
      0.25013785268849387,
      0.05075643238418876,
      -0.2618859503053683,
      -0.11310905724735336,
      0.15032674896876477,
      0.023272928498678364,
      0.030282409458334134
    ],
    [
      0.2124743051845355,
      0.219893644331163,
      1.0,
      0.592368978085609,
      0.011455124187797965,
      -0.1491551111731934,
      0.04354097782768323,
      0.04196519587482104,
      0.022490507763614737,
      0.023971660918994782
    ],
    [
      0.2484633315147399,
      0.25013785268849387,
      0.592368978085609,
      1.0,
      -0.00270322686154428,
      -0.10290282772180616,
      0.020979060294825352,
      -0.005906700506964541,
      0.016832604331623906,
      0.015703312823883958
    ],
    [
      0.05093716668351729,
      0.05075643238418876,
      0.011455124187797965,
      -0.00270322686154428,
      1.0,
      0.10712801274194107,
      0.15262911946751653,
      0.11818486526691604,
      0.05037024501970127,
      0.05794889710018596
    ],
    [
      -0.20588339368647812,
      -0.2618859503053683,
      -0.1491551111731934,
      -0.10290282772180616,
      0.10712801274194107,
      1.0,
      0.3589755494635667,
      0.001966443888069078,
      0.043419076527293404,
      0.03970893474647121
    ],
    [
      -0.08301257915308854,
      -0.11310905724735336,
      0.04354097782768323,
      0.020979060294825352,
      0.15262911946751653,
      0.3589755494635667,
      1.0,
      -0.00018352580362432749,
      0.03810353261216711,
      0.045598573719248116
    ],
    [
      0.14255603972513148,
      0.15032674896876477,
      0.04196519587482104,
      -0.005906700506964541,
      0.11818486526691604,
      0.001966443888069078,
      -0.00018352580362432749,
      1.0,
      0.023391192696573644,
      0.013087263082280864
    ],
    [
      0.023732650800081953,
      0.023272928498678364,
      0.022490507763614737,
      0.016832604331623906,
      0.05037024501970127,
      0.043419076527293404,
      0.03810353261216711,
      0.023391192696573644,
      1.0,
      0.0615707066024383
    ],
    [
      0.033668276024797224,
      0.030282409458334134,
      0.023971660918994782,
      0.015703312823883958,
      0.05794889710018596,
      0.03970893474647121,
      0.045598573719248116,
      0.013087263082280864,
      0.0615707066024383,
      1.0
    ]
  ],
  "volatilities": [
    0.18064084376836756,
    0.18151119715438935,
    0.18987132332992707,
    0.2607711817929347,
    0.05427067008506666,
    0.07696722298422408,
    0.09475009421306647,
    0.18388031480989497,
    0.0014570270248621057,
    0.01583540208002792
  ],
  "shrinkage": 0.2
}