{
  "asset_classes": [
    "kr-large-cap",
    "kr-dividend",
    "us-large-cap",
    "us-tech",
    "kr-treasuries-10y",
    "us-treasuries-10y",
    "us-ig-credit",
    "gold",
    "kofr-cash",
    "money-market"
  ],
  "covariance": [
    [
      0.032925045298326225,
      0.025562748717983697,
      0.007286395733822646,
      0.011745656691113271,
      0.0005008037333694812,
      -0.002875465972568776,
      -0.0014243695009070476,
      0.004789907875060168,
      6.1897798265038795e-06,
      9.534949469312172e-05
    ],
    [
      0.025562748717983697,
      0.0330021248931151,
      0.0075606328631391715,
      0.011846450343748597,
      0.0004976422687708406,
      -0.003665629800017831,
      -0.0019478120547452241,
      0.0050412899573889095,
      6.125847707211813e-06,
      8.628302862109416e-05
    ],
    [
      0.007286395733822646,
      0.0075606328631391715,
      0.03604330337435857,
      0.029319558408443698,
      0.00011881408687540703,
      -0.0021747174575803443,
      0.000785163558568884,
      0.0014676105470074912,
      6.214155665096437e-06,
      7.18413221805188e-05
    ],
    [
      0.011745656691113271,
      0.011846450343748597,
      0.029319558408443698,
      0.06798836526106108,
      -3.7316064915243e-05,
      -0.0020612973780795587,
      0.0005208468701128383,
      -0.00027101875617489325,
      6.382649510326867e-06,
      6.456459248346675e-05
    ],
    [
      0.0005008037333694812,
      0.0004976422687708406,
      0.00011881408687540703,
      -3.7316064915243e-05,
      0.0029441452907299796,
      0.0004467751184052544,
      0.000783596876728484,
      0.0011788316599627047,
      3.972395728086806e-06,
      4.957451278091122e-05
    ],
    [
      -0.002875465972568776,
      -0.003665629800017831,
      -0.0021747174575803443,
      -0.0020612973780795587,
      0.0004467751184052544,
      0.00592529602557688,
      0.0026163465946968433,
      2.6608082716454346e-05,
      4.863795042389357e-06,
      4.824484427112222e-05
    ],
    [
      -0.0014243695009070476,
      -0.0019478120547452241,
      0.000785163558568884,
      0.0005208468701128383,
      0.000783596876728484,
      0.0026163465946968433,
      0.008975091745198928,
      -2.766447492401895e-06,
      5.251907074054626e-06,
      6.81057344208285e-05
    ],
    [
      0.004789907875060168,
      0.0050412899573889095,
      0.0014676105470074912,
      -0.00027101875617489325,
      0.0011788316599627047,
      2.6608082716454346e-05,
      -2.766447492401895e-06,
      0.033807787727538806,
      6.245679522392439e-06,
      3.799986502236908e-05
    ],
    [
      6.1897798265038795e-06,
      6.125847707211813e-06,
      6.214155665096437e-06,
      6.382649510326867e-06,
      3.972395728086806e-06,
      4.863795042389357e-06,
      5.251907074054626e-06,
      6.245679522392439e-06,
      2.1234574205198023e-06,
      1.4139544128222875e-06
    ],
    [
      9.534949469312172e-05,
      8.628302862109416e-05,
      7.18413221805188e-05,
      6.456459248346675e-05,
      4.957451278091122e-05,
      4.824484427112222e-05,
      6.81057344208285e-05,
      3.799986502236908e-05,
      1.4139544128222875e-06,
      0.0002496622319053283
    ]
  ],
  "correlation": [
    [
      1.0,
      0.7754850121782751,
      0.21151310000091658,
      0.24825431898413025,
      0.05086566750821297,
      -0.20586855484472227,
      -0.08285906473191684,
      0.1435673200835874,
      0.02340939728466373,
      0.03325667152459356
    ],
    [
      0.7754850121782751,
      1.0,
      0.21921734029505333,
      0.25009210796660275,
      0.050485503339637944,
      -0.26213355933143195,
      -0.11317660163312002,
      0.15092540470130958,
      0.023140538733317863,
      0.03005924061225806
    ],
    [
      0.21151310000091658,
      0.21921734029505333,
      1.0,
      0.5922810421043941,
      0.01153389575606722,
      -0.14881116646454728,
      0.043654437108180504,
      0.042042656945617256,
      0.022461981025460574,
      0.02394890154519438
    ],
    [
      0.24825431898413025,
      0.25009210796660275,
      0.5922810421043941,
      1.0,
      -0.00263753918991865,
      -0.10269949904399654,
      0.02108498570418847,
      -0.005652930836005955,
      0.016798167938237876,
      0.015671143606644598
    ],
    [
      0.05086566750821297,
      0.050485503339637944,
      0.01153389575606722,
      -0.00263753918991865,
      1.0,
      0.10696811267852845,
      0.15243813572881268,
      0.11815818075941936,
      0.050240170962609736,
      0.05782323846170398
    ],
    [
      -0.20586855484472227,
      -0.26213355933143195,
      -0.14881116646454728,
      -0.10269949904399654,
      0.10696811267852845,
      1.0,
      0.3587738665632076,
      0.0018799667982096902,
      0.043360917291123825,
      0.03966609597492342
    ],
    [
      -0.08285906473191684,
      -0.11317660163312002,
      0.043654437108180504,
      0.02108498570418847,
      0.15243813572881268,
      0.3587738665632076,
      1.0,
      -0.00015881612921285623,
      0.03804309189653363,
      0.045497528722558266
    ],
    [
      0.1435673200835874,
      0.15092540470130958,
      0.042042656945617256,
      -0.005652930836005955,
      0.11815818075941936,
      0.0018799667982096902,
      -0.00015881612921285623,
      1.0,
      0.02331039007702477,
      0.013079684044815671
    ],
    [
      0.02340939728466373,
      0.023140538733317863,
      0.022461981025460574,
      0.016798167938237876,
      0.050240170962609736,
      0.043360917291123825,
      0.03804309189653363,
      0.02331039007702477,
      1.0,
      0.06140973239032025
    ],
    [
      0.03325667152459356,
      0.03005924061225806,
      0.02394890154519438,
      0.015671143606644598,
      0.05782323846170398,
      0.03966609597492342,
      0.045497528722558266,
      0.013079684044815671,
      0.06140973239032025,
      1.0
    ]
  ],
  "volatilities": [
    0.18145259793766036,
    0.1816648697275153,
    0.1898507397256028,
    0.2607457866602279,
    0.05425997872032369,
    0.07697594446044088,
    0.09473696081888487,
    0.18386894171539359,
    0.0014572087772587023,
    0.015800703525644937
  ],
  "shrinkage": 0.2
}