{
  "asset_classes": [
    "kr-large-cap",
    "kr-kosdaq",
    "kr-dividend",
    "us-large-cap",
    "us-tech",
    "us-dividend",
    "intl-developed",
    "emerging-markets",
    "kr-treasuries-10y",
    "kr-short-bonds",
    "kr-credit",
    "us-treasuries-10y",
    "us-treasuries-30y",
    "us-ig-credit",
    "gold",
    "commodities",
    "kofr-cash",
    "money-market"
  ],
  "covariance": [
    [
      0.03233949793474826,
      0.03433309786327464,
      0.023837393878455175,
      0.0071828632611851545,
      0.011454084890556337,
      0.004437646834089874,
      0.011000132678094052,
      0.01578941197770174,
      0.0006422973248551935,
      0.0006523633384051212,
      0.00045565195043234346,
      -0.002205836905804555,
      -0.000193511210198029,
      -0.0009449166918762096,
      0.004793454175752685,
      0.010278871852257392,
      1.213917109691272e-05,
      0.0001529183235619138
    ],
    [
      0.03433309786327464,
      0.08016372115573885,
      0.028807056955893584,
      0.012501433133035651,
      0.02060167179593269,
      0.006192119138644532,
      0.017226311745310287,
      0.023596285424905605,
      0.0009906167864013422,
      0.0006245702300418665,
      0.000506329872794189,
      -0.004598338279207087,
      0.0015017381870291832,
      -0.0024427122043995083,
      0.00625683367219388,
      0.012937865303813138,
      1.2963669057747983e-05,
      0.0001578050834499818
    ],
    [
      0.023837393878455175,
      0.028807056955893584,
      0.032444931759083015,
      0.007408888479550735,
      0.01150978984014929,
      0.004615166882688324,
      0.012045664323958491,
      0.016151882654516343,
      0.0006418691952859129,
      0.0004568180287676614,
      0.0003697527381328503,
      -0.002874829348440624,
      0.0002518431179077915,
      -0.0013963728738902118,
      0.005026766455332383,
      0.01064708535367397,
      1.2063088131181877e-05,
      0.00014539532856665803
    ],
    [
      0.0071828632611851545,
      0.012501433133035651,
      0.007408888479550735,
      0.03584545664748223,
      0.028241711013263646,
      0.01500983427417491,
      0.02088059522693444,
      0.026953127628118193,
      0.0003250922656623716,
      0.000470628645392712,
      0.00022845712714496583,
      -0.0016188412506197758,
      -0.005121037563649887,
      0.0010134152129584132,
      0.001760206812848181,
      0.011258330322359233,
      1.2199523372637356e-05,
      0.00013416953520532215
    ],
    [
      0.011454084890556337,
      0.02060167179593269,
      0.01150978984014929,
      0.028241711013263646,
      0.06756826512190461,
      0.004157261971863389,
      0.02449031328175192,
      0.02638565704252113,
      0.00020363667520097997,
      0.0005675061519047198,
      0.00028295072879929275,
      -0.001528619282299758,
      -0.0029140227384090184,
      0.0007979707903879016,
      0.0001423426640710587,
      0.014730362142866429,
      1.2735595343393356e-05,
      0.0001324116813067357
    ],
    [
      0.004437646834089874,
      0.006192119138644532,
      0.004615166882688324,
      0.01500983427417491,
      0.004157261971863389,
      0.023933271098363105,
      0.007263733271450499,
      0.005862786673758967,
      0.00027969115639354307,
      0.0004003523438533705,
      0.0001928156778355268,
      1.7701624210318436e-05,
      -0.002129870395120093,
      0.0006748255696017915,
      0.0007995201803147711,
      0.0058119813996677155,
      1.187380302090066e-05,
      0.00013706801383416679
    ],
    [
      0.011000132678094052,
      0.017226311745310287,
      0.012045664323958491,
      0.02088059522693444,
      0.02449031328175192,
      0.007263733271450499,
      0.05124710025675758,
      0.03034439931487643,
      0.0004633732073654527,
      0.0006885619505086118,
      0.0003855648309909922,
      -0.0013986446708663855,
      -0.0032399472794235893,
      0.001455054557013421,
      0.004035033379756813,
      0.010371070968508696,
      1.245328836621982e-05,
      0.00012918081910440855
    ],
    [
      0.01578941197770174,
      0.023596285424905605,
      0.016151882654516343,
      0.026953127628118193,
      0.02638565704252113,
      0.005862786673758967,
      0.03034439931487643,
      0.06694768674665766,
      0.0006511137205809832,
      0.000385343710061541,
      0.00040210161904049603,
      -0.0038275670437824703,
      -0.0056626997114449535,
      0.0007308718974385492,
      0.007553125863069839,
      0.01871792091051281,
      1.2993119098408597e-05,
      0.00014824020525237657
    ],
    [
      0.0006422973248551935,
      0.0009906167864013422,
      0.0006418691952859129,
      0.0003250922656623716,
      0.00020363667520097997,
      0.00027969115639354307,
      0.0004633732073654527,
      0.0006511137205809832,
      0.0029097058671333554,
      0.0003033456848652373,
      0.0003982848726559123,
      0.0005132883907992924,
      0.0016829687559759008,
      0.0008084884316138962,
      0.0012142346972286928,
      -0.0009603672740268888,
      6.996313835869318e-06,
      7.970140792729622e-05
    ],
    [
      0.0006523633384051212,
      0.0006245702300418665,
      0.0004568180287676614,
      0.000470628645392712,
      0.0005675061519047198,
      0.0004003523438533705,
      0.0006885619505086118,
      0.000385343710061541,
      0.0003033456848652373,
      0.010317943865389692,
      0.00020486232004874124,
      0.00038382260131624834,
      0.0004335687597369347,
      0.00039871005090401536,
      0.00046505255823873684,
      0.00040903979216912233,
      1.01895966835927e-05,
      0.00010820925892978986
    ],
    [
      0.00045565195043234346,
      0.000506329872794189,
      0.0003697527381328503,
      0.00022845712714496583,
      0.00028295072879929275,
      0.0001928156778355268,
      0.0003855648309909922,
      0.00040210161904049603,
      0.0003982848726559123,
      0.00020486232004874124,
      0.0009572317948771408,
      0.0002759122809972725,
      0.0008804739224351771,
      0.00042664729791685844,
      0.0005382449008353305,
      -0.00027623660103914306,
      4.442654283510386e-06,
      4.917030877657881e-05
    ],
    [
      -0.002205836905804555,
      -0.004598338279207087,
      -0.002874829348440624,
      -0.0016188412506197758,
      -0.001528619282299758,
      1.7701624210318436e-05,
      -0.0013986446708663855,
      -0.0038275670437824703,
      0.0005132883907992924,
      0.00038382260131624834,
      0.0002759122809972725,
      0.005880929834861212,
      0.004487284215692172,
      0.002399444257502488,
      0.0003062847269233491,
      -0.0019195043566590938,
      8.825945357081627e-06,
      9.107881259175099e-05
    ],
    [
      -0.000193511210198029,
      0.0015017381870291832,
      0.0002518431179077915,
      -0.005121037563649887,
      -0.0029140227384090184,
      -0.002129870395120093,
      -0.0032399472794235893,
      -0.0056626997114449535,
      0.0016829687559759008,
      0.0004335687597369347,
      0.0008804739224351771,
      0.004487284215692172,
      0.019747793645796204,
      0.005034270001858281,
      0.0024434343792753906,
      -0.00583327528287454,
      1.1420577243518312e-05,
      0.00012951924913337726
    ],
    [
      -0.0009449166918762096,
      -0.0024427122043995083,
      -0.0013963728738902118,
      0.0010134152129584132,
      0.0007979707903879016,
      0.0006748255696017915,
      0.001455054557013421,
      0.0007308718974385492,
      0.0008084884316138962,
      0.00039871005090401536,
      0.00042664729791685844,
      0.002399444257502488,
      0.005034270001858281,
      0.008912327759165542,
      0.00031171916337350945,
      -0.0009765330017150536,
      9.793194937654624e-06,
      0.0001135402373259181
    ],
    [
      0.004793454175752685,
      0.00625683367219388,
      0.005026766455332383,
      0.001760206812848181,
      0.0001423426640710587,
      0.0007995201803147711,
      0.004035033379756813,
      0.007553125863069839,
      0.0012142346972286928,
      0.00046505255823873684,
      0.0005382449008353305,
      0.0003062847269233491,
      0.0024434343792753906,
      0.00031171916337350945,
      0.03354008275596292,
      0.009894302536541718,
      1.218159623841943e-05,
      0.00010601286853702141
    ],
    [
      0.010278871852257392,
      0.012937865303813138,
      0.01064708535367397,
      0.011258330322359233,
      0.014730362142866429,
      0.0058119813996677155,
      0.010371070968508696,
      0.01871792091051281,
      -0.0009603672740268888,
      0.00040903979216912233,
      -0.00027623660103914306,
      -0.0019195043566590938,
      -0.00583327528287454,
      -0.0009765330017150536,
      0.009894302536541718,
      0.1031145310322487,
      1.3334916642853911e-05,
      0.0001048892785330712
    ],
    [
      1.213917109691272e-05,
      1.2963669057747983e-05,
      1.2063088131181877e-05,
      1.2199523372637356e-05,
      1.2735595343393356e-05,
      1.187380302090066e-05,
      1.245328836621982e-05,
      1.2993119098408597e-05,
      6.996313835869318e-06,
      1.01895966835927e-05,
      4.442654283510386e-06,
      8.825945357081627e-06,
      1.1420577243518312e-05,
      9.793194937654624e-06,
      1.218159623841943e-05,
      1.3334916642853911e-05,
      2.1599406274363117e-06,
      2.371054060259015e-06
    ],
    [
      0.0001529183235619138,
      0.0001578050834499818,
      0.00014539532856665803,
      0.00013416953520532215,
      0.0001324116813067357,
      0.00013706801383416679,
      0.00012918081910440855,
      0.00014824020525237657,
      7.970140792729622e-05,
      0.00010820925892978986,
      4.917030877657881e-05,
      9.107881259175099e-05,
      0.00012951924913337726,
      0.0001135402373259181,
      0.00010601286853702141,
      0.0001048892785330712,
      2.371054060259015e-06,
      0.0002507599590361516
    ]
  ],
  "correlation": [
    [
      1.0,
      0.6743066154400653,
      0.735899831462528,
      0.21096669709837063,
      0.24503175849620076,
      0.15950895492378198,
      0.2702070266630635,
      0.33933724703348805,
      0.06621325403060249,
      0.03571299964818371,
      0.08189512294955914,
      -0.15994982270816716,
      -0.007657380043927504,
      -0.05565847583573534,
      0.14554586731350475,
      0.17799953984537692,
      0.04593053343649079,
      0.053698703034894275
    ],
    [
      0.6743066154400653,
      1.0,
      0.5648544108175076,
      0.23321356577624258,
      0.27992529575997466,
      0.14136742235268582,
      0.2687625294579388,
      0.32209717722919273,
      0.06486227897051422,
      0.021716796668788476,
      0.05780109406401075,
      -0.21178197005750843,
      0.03774383281260921,
      -0.0913877096153119,
      0.1206656372628924,
      0.14230290159861628,
      0.031154306955955193,
      0.03519678212215702
    ],
    [
      0.735899831462528,
      0.5648544108175076,
      1.0,
      0.21725139135483756,
      0.24582303552531234,
      0.16562006354732148,
      0.29540828800890834,
      0.34656278943477864,
      0.06606151907827082,
      0.024967394447262835,
      0.06634824023752094,
      -0.2081208727100802,
      0.009949410844233885,
      -0.08211687168623245,
      0.15238183911982195,
      0.18407608442594592,
      0.045568440041437556,
      0.050973907390242774
    ],
    [
      0.21096669709837063,
      0.23321356577624258,
      0.21725139135483756,
      1.0,
      0.5738555179320984,
      0.512457446659864,
      0.4871819256232725,
      0.5502047322620369,
      0.03183208117657436,
      0.02447173259567415,
      0.0390013010359572,
      -0.11149726252355321,
      -0.19247822834116332,
      0.05669891991698971,
      0.050765021444450026,
      0.18518124204600278,
      0.04384346786525057,
      0.04475151697274341
    ],
    [
      0.24503175849620076,
      0.27992529575997466,
      0.24582303552531234,
      0.5738555179320984,
      1.0,
      0.10337963118755501,
      0.41618680630456006,
      0.3923094245961951,
      0.014523124777839212,
      0.02149327568762979,
      0.03518283852447326,
      -0.07668403390570772,
      -0.07977416406244255,
      0.03251771612573871,
      0.0029900719632159297,
      0.17647455866605222,
      0.03333703420929965,
      0.032168130422026375
    ],
    [
      0.15950895492378198,
      0.14136742235268582,
      0.16562006354732148,
      0.512457446659864,
      0.10337963118755501,
      1.0,
      0.20740738212457382,
      0.14646547832017046,
      0.0335160754616795,
      0.0254767933810721,
      0.04028401561481138,
      0.001492069619941734,
      -0.09796994328826397,
      0.0462056330737336,
      0.02821930639748409,
      0.11699390854394513,
      0.05222373189424965,
      0.055950760571173104
    ],
    [
      0.2702070266630635,
      0.2687625294579388,
      0.29540828800890834,
      0.4871819256232725,
      0.41618680630456006,
      0.20740738212457382,
      1.0,
      0.5180552853593793,
      0.03794650007840728,
      0.029944136343232328,
      0.05504960501316355,
      -0.08056561891158362,
      -0.10184600660930633,
      0.06808462571241551,
      0.09732634599558257,
      0.14266880461100448,
      0.0374307466000786,
      0.03603581018197426
    ],
    [
      0.33933724703348805,
      0.32209717722919273,
      0.34656278943477864,
      0.5502047322620369,
      0.3923094245961951,
      0.14646547832017046,
      0.5180552853593793,
      1.0,
      0.046651382078716816,
      0.014661685733019035,
      0.05022957185535255,
      -0.19289990773922833,
      -0.15573866731859187,
      0.029921123777248138,
      0.15939579829095046,
      0.2252837593934305,
      0.034168406477217646,
      0.036180046845124145
    ],
    [
      0.06621325403060249,
      0.06486227897051422,
      0.06606151907827082,
      0.03183208117657436,
      0.014523124777839212,
      0.0335160754616795,
      0.03794650007840728,
      0.046651382078716816,
      1.0,
      0.055362627842108394,
      0.23864959906193153,
      0.12408346083909384,
      0.22202006136687158,
      0.15876460615538546,
      0.12291249345570884,
      -0.055443785165710906,
      0.08825185259901636,
      0.09330659760188517
    ],
    [
      0.03571299964818371,
      0.021716796668788476,
      0.024967394447262835,
      0.02447173259567415,
      0.02149327568762979,
      0.0254767933810721,
      0.029944136343232328,
      0.014661685733019035,
      0.055362627842108394,
      1.0,
      0.06518639270382535,
      0.0492732223672246,
      0.030374008595331188,
      0.041578137247586446,
      0.02499904351177805,
      0.012540332253917943,
      0.0682557915355038,
      0.0672726827722714
    ],
    [
      0.08189512294955914,
      0.05780109406401075,
      0.06634824023752094,
      0.0390013010359572,
      0.03518283852447326,
      0.04028401561481138,
      0.05504960501316355,
      0.05022957185535255,
      0.23864959906193153,
      0.06518639270382535,
      1.0,
      0.1162892246512142,
      0.2025110147149271,
      0.14607129074234504,
      0.09499249649245403,
      -0.027804348824208545,
      0.09770415979665292,
      0.10036106995635856
    ],
    [
      -0.15994982270816716,
      -0.21178197005750843,
      -0.2081208727100802,
      -0.11149726252355321,
      -0.07668403390570772,
      0.001492069619941734,
      -0.08056561891158362,
      -0.19289990773922833,
      0.12408346083909384,
      0.0492732223672246,
      0.1162892246512142,
      1.0,
      0.41639095650672325,
      0.33143020946915513,
      0.021808222886106832,
      -0.07794821381219978,
      0.07831001888220511,
      0.07500069122314518
    ],
    [
      -0.007657380043927504,
      0.03774383281260921,
      0.009949410844233885,
      -0.19247822834116332,
      -0.07977416406244255,
      -0.09796994328826397,
      -0.10184600660930633,
      -0.15573866731859187,
      0.22202006136687158,
      0.030374008595331188,
      0.2025110147149271,
      0.41639095650672325,
      1.0,
      0.3794736627368005,
      0.09494220744115998,
      -0.1292686598372891,
      0.055297800659661334,
      0.05820307535734061
    ],
    [
      -0.05565847583573534,
      -0.0913877096153119,
      -0.08211687168623245,
      0.05669891991698971,
      0.03251771612573871,
      0.0462056330737336,
      0.06808462571241551,
      0.029921123777248138,
      0.15876460615538546,
      0.041578137247586446,
      0.14607129074234504,
      0.33143020946915513,
      0.3794736627368005,
      1.0,
      0.018029590472479512,
      -0.03221301793832528,
      0.07058426843291575,
      0.07594953647931471
    ],
    [
      0.14554586731350475,
      0.1206656372628924,
      0.15238183911982195,
      0.050765021444450026,
      0.0029900719632159297,
      0.02821930639748409,
      0.09732634599558257,
      0.15939579829095046,
      0.12291249345570884,
      0.02499904351177805,
      0.09499249649245403,
      0.021808222886106832,
      0.09494220744115998,
      0.018029590472479512,
      1.0,
      0.16824539465136146,
      0.04525861181296469,
      0.036555053676374696
    ],
    [
      0.17799953984537692,
      0.14230290159861628,
      0.18407608442594592,
      0.18518124204600278,
      0.17647455866605222,
      0.11699390854394513,
      0.14266880461100448,
      0.2252837593934305,
      -0.055443785165710906,
      0.012540332253917943,
      -0.027804348824208545,
      -0.07794821381219978,
      -0.1292686598372891,
      -0.03221301793832528,
      0.16824539465136146,
      1.0,
      0.028255920701058555,
      0.020627284928127872
    ],
    [
      0.04593053343649079,
      0.031154306955955193,
      0.045568440041437556,
      0.04384346786525057,
      0.03333703420929965,
      0.05222373189424965,
      0.0374307466000786,
      0.034168406477217646,
      0.08825185259901636,
      0.0682557915355038,
      0.09770415979665292,
      0.07831001888220511,
      0.055297800659661334,
      0.07058426843291575,
      0.04525861181296469,
      0.028255920701058555,
      1.0,
      0.10188059067912593
    ],
    [
      0.053698703034894275,
      0.03519678212215702,
      0.050973907390242774,
      0.04475151697274341,
      0.032168130422026375,
      0.055950760571173104,
      0.03603581018197426,
      0.036180046845124145,
      0.09330659760188517,
      0.0672726827722714,
      0.10036106995635856,
      0.07500069122314518,
      0.05820307535734061,
      0.07594953647931471,
      0.036555053676374696,
      0.020627284928127872,
      0.10188059067912593,
      1.0
    ]
  ],
  "volatilities": [
    0.17983186017707836,
    0.2831319853985749,
    0.18012476720063517,
    0.18932896410080058,
    0.25993896422411283,
    0.15470381733610553,
    0.22637822390141146,
    0.25874251051316954,
    0.053941689509444876,
    0.10157728026182672,
    0.030939162801813833,
    0.07668722080543285,
    0.14052684315032557,
    0.09440512570388084,
    0.18313951718829807,
    0.3211145138922386,
    0.0014696736465747461,
    0.01583540208002789
  ],
  "shrinkage": 0.2
}