{
  "asset_classes": [
    "kr-large-cap",
    "kr-kosdaq",
    "kr-dividend",
    "us-large-cap",
    "us-tech",
    "us-dividend",
    "intl-developed",
    "emerging-markets",
    "kr-treasuries-10y",
    "kr-short-bonds",
    "kr-credit",
    "us-treasuries-10y",
    "us-treasuries-30y",
    "us-ig-credit",
    "gold",
    "commodities",
    "kofr-cash",
    "money-market"
  ],
  "covariance": [
    [
      0.03263099249912248,
      0.0343209269709869,
      0.023995201494238318,
      0.007183753938534064,
      0.011496512519815871,
      0.0043868240290549886,
      0.011072213558806767,
      0.01590521550789111,
      0.0006434924294847634,
      0.0006517443381400453,
      0.00045611393651915044,
      -0.002218581705249912,
      -0.00018375098313272298,
      -0.0009488882464825694,
      0.004845573187756041,
      0.01020781886785108,
      1.209208595207526e-05,
      0.0001519562834546909
    ],
    [
      0.0343209269709869,
      0.08008436550404462,
      0.028786087616597893,
      0.012480159540763001,
      0.020572866581623404,
      0.006186512760771954,
      0.01718374006391797,
      0.02355585516429723,
      0.0009868947949471594,
      0.0006233284220089738,
      0.000504512457232796,
      -0.00459374159239458,
      0.0014962652867134998,
      -0.002440688711368875,
      0.006244123221155811,
      0.012959430529541228,
      1.294288725146881e-05,
      0.0001570187587733041
    ],
    [
      0.023995201494238318,
      0.028786087616597893,
      0.03250046815475818,
      0.007392997105180937,
      0.011517010561737196,
      0.004587769047831436,
      0.012054972711125234,
      0.016197329477137274,
      0.0006396518409343146,
      0.0004558817611767974,
      0.0003686824971178111,
      -0.0028822981559306115,
      0.00025553664542924987,
      -0.0013995596039937906,
      0.005049053554258813,
      0.010631644480283357,
      1.2031284660348909e-05,
      0.00014452499102256963
    ],
    [
      0.007183753938534064,
      0.012480159540763001,
      0.007392997105180937,
      0.03583779728275665,
      0.02823302015902971,
      0.014996087762121846,
      0.020877233569212485,
      0.026939279021443583,
      0.00032531802748144936,
      0.00046979088367677296,
      0.00022799879259025187,
      -0.0016154426048274172,
      -0.005118162680715219,
      0.0010145811501347359,
      0.0017619311711287037,
      0.011230081536096056,
      1.2182665227250068e-05,
      0.00013369800070695947
    ],
    [
      0.011496512519815871,
      0.020572866581623404,
      0.011517010561737196,
      0.02823302015902971,
      0.06755528961309296,
      0.004147652484671806,
      0.024493420940282506,
      0.026386852343704314,
      0.00020395846909076505,
      0.0005665336224443409,
      0.0002821929815916862,
      -0.001525962367495266,
      -0.0029121504167611938,
      0.0007996583356592338,
      0.00015317816906916683,
      0.014689374658578874,
      1.271443703130068e-05,
      0.0001318832402814602
    ],
    [
      0.0043868240290549886,
      0.006186512760771954,
      0.004587769047831436,
      0.014996087762121846,
      0.004147652484671806,
      0.02392577854808096,
      0.007239807230590301,
      0.005831556673294852,
      0.00027841548748231435,
      0.0003995123170545356,
      0.00019189314415870147,
      2.080490336851961e-05,
      -0.002131261989102707,
      0.0006752613374827989,
      0.0007878126607371973,
      0.0058245926529747,
      1.1860237111985148e-05,
      0.00013652474642398155
    ],
    [
      0.011072213558806767,
      0.01718374006391797,
      0.012054972711125234,
      0.020877233569212485,
      0.024493420940282506,
      0.007239807230590301,
      0.051264728970565575,
      0.030366150966938923,
      0.0004665687514057731,
      0.0006875554655114565,
      0.00038664565137810556,
      -0.0013982014498515978,
      -0.0032334947852641228,
      0.0014553303416509308,
      0.004051792067805732,
      0.010293355068091033,
      1.2422707606751184e-05,
      0.00012882653949700516
    ],
    [
      0.01590521550789111,
      0.02355585516429723,
      0.016197329477137274,
      0.026939279021443583,
      0.026386852343704314,
      0.005831556673294852,
      0.030366150966938923,
      0.06696865501645059,
      0.0006527814023115691,
      0.0003845741702172635,
      0.0004028044146302739,
      -0.0038298289202811408,
      -0.005653826079379065,
      0.0007289192001943542,
      0.007571532188217775,
      0.018650640128975802,
      1.2952556649693822e-05,
      0.00014757182041626746
    ],
    [
      0.0006434924294847634,
      0.0009868947949471594,
      0.0006396518409343146,
      0.00032531802748144936,
      0.00020395846909076505,
      0.00027841548748231435,
      0.0004665687514057731,
      0.0006527814023115691,
      0.0029085892288866232,
      0.00030270212243999224,
      0.00039756598324333517,
      0.0005125693207837449,
      0.0016811250208093385,
      0.0008073559754083431,
      0.0012136165097459508,
      -0.0009660750001301806,
      6.981988294448202e-06,
      7.937178858113138e-05
    ],
    [
      0.0006517443381400453,
      0.0006233284220089738,
      0.0004558817611767974,
      0.00046979088367677296,
      0.0005665336224443409,
      0.0003995123170545356,
      0.0006875554655114565,
      0.0003845741702172635,
      0.00030270212243999224,
      0.010309242251455002,
      0.0002043933810683254,
      0.0003831228958492865,
      0.00043268943700795493,
      0.00039792086402865674,
      0.00046417102480626336,
      0.0004078824375514475,
      1.0169818483604948e-05,
      0.00010775892571119128
    ],
    [
      0.00045611393651915044,
      0.000504512457232796,
      0.0003686824971178111,
      0.00022799879259025187,
      0.0002821929815916862,
      0.00019189314415870147,
      0.00038664565137810556,
      0.0004028044146302739,
      0.00039756598324333517,
      0.0002043933810683254,
      0.0009566278418927585,
      0.0002751731870694814,
      0.0008790656548747776,
      0.0004256345074855,
      0.000537605533996108,
      -0.00027857206272511144,
      4.432736452802642e-06,
      4.8955032175502654e-05
    ],
    [
      -0.002218581705249912,
      -0.00459374159239458,
      -0.0028822981559306115,
      -0.0016154426048274172,
      -0.001525962367495266,
      2.080490336851961e-05,
      -0.0013982014498515978,
      -0.0038298289202811408,
      0.0005125693207837449,
      0.0003831228958492865,
      0.0002751731870694814,
      0.0058822780386061395,
      0.004482881948549554,
      0.0023984840678907254,
      0.00030471261319221186,
      -0.0019221286621121342,
      8.814528292167107e-06,
      9.076254407542112e-05
    ],
    [
      -0.00018375098313272298,
      0.0014962652867134998,
      0.00025553664542924987,
      -0.005118162680715219,
      -0.0029121504167611938,
      -0.002131261989102707,
      -0.0032334947852641228,
      -0.005653826079379065,
      0.0016811250208093385,
      0.00043268943700795493,
      0.0008790656548747776,
      0.004482881948549554,
      0.01973938040041251,
      0.005029270868239425,
      0.002443342982900318,
      -0.0058375105147628874,
      1.1397508055296163e-05,
      0.00012899320681122121
    ],
    [
      -0.0009488882464825694,
      -0.002440688711368875,
      -0.0013995596039937906,
      0.0010145811501347359,
      0.0007996583356592338,
      0.0006752613374827989,
      0.0014553303416509308,
      0.0007289192001943542,
      0.0008073559754083431,
      0.00039792086402865674,
      0.0004256345074855,
      0.0023984840678907254,
      0.005029270868239425,
      0.008909892987851675,
      0.00031154303641224546,
      -0.0009815484952387667,
      9.777593845530292e-06,
      0.00011307516737294033
    ],
    [
      0.004845573187756041,
      0.006244123221155811,
      0.005049053554258813,
      0.0017619311711287037,
      0.00015317816906916683,
      0.0007878126607371973,
      0.004051792067805732,
      0.007571532188217775,
      0.0012136165097459508,
      0.00046417102480626336,
      0.000537605533996108,
      0.00030471261319221186,
      0.002443342982900318,
      0.00031154303641224546,
      0.03353609217565825,
      0.00985970907945091,
      1.2154379523619331e-05,
      0.00010563369323101657
    ],
    [
      0.01020781886785108,
      0.012959430529541228,
      0.010631644480283357,
      0.011230081536096056,
      0.014689374658578874,
      0.0058245926529747,
      0.010293355068091033,
      0.018650640128975802,
      -0.0009660750001301806,
      0.0004078824375514475,
      -0.00027857206272511144,
      -0.0019221286621121342,
      -0.0058375105147628874,
      -0.0009815484952387667,
      0.00985970907945091,
      0.10317422078869609,
      1.332317144042954e-05,
      0.00010427962264458781
    ],
    [
      1.209208595207526e-05,
      1.294288725146881e-05,
      1.2031284660348909e-05,
      1.2182665227250068e-05,
      1.271443703130068e-05,
      1.1860237111985148e-05,
      1.2422707606751184e-05,
      1.2952556649693822e-05,
      6.981988294448202e-06,
      1.0169818483604948e-05,
      4.432736452802642e-06,
      8.814528292167107e-06,
      1.1397508055296163e-05,
      9.777593845530292e-06,
      1.2154379523619331e-05,
      1.332317144042954e-05,
      2.1604492297163225e-06,
      2.3615220821913354e-06
    ],
    [
      0.0001519562834546909,
      0.0001570187587733041,
      0.00014452499102256963,
      0.00013369800070695947,
      0.0001318832402814602,
      0.00013652474642398155,
      0.00012882653949700516,
      0.00014757182041626746,
      7.937178858113138e-05,
      0.00010775892571119128,
      4.8955032175502654e-05,
      9.076254407542112e-05,
      0.00012899320681122121,
      0.00011307516737294033,
      0.00010563369323101657,
      0.00010427962264458781,
      2.3615220821913354e-06,
      0.0002496622319053283
    ]
  ],
  "correlation": [
    [
      1.0,
      0.6713824706305267,
      0.7368251667229495,
      0.21007078206652385,
      0.24486194496125382,
      0.15700086046396924,
      0.2707135407919134,
      0.34024255256229463,
      0.06605217220036425,
      0.03553438085936074,
      0.08163693523061727,
      -0.16013545991687322,
      -0.007240153459678785,
      -0.05564980943949589,
      0.14647846781048818,
      0.17592688563422754,
      0.04554220473917489,
      0.05323865768511375
    ],
    [
      0.6713824706305267,
      1.0,
      0.5642401222934299,
      0.23295691875348923,
      0.2796992230600701,
      0.14133151168032354,
      0.26818500540293055,
      0.3216541932311229,
      0.06466299159896842,
      0.021693503084356705,
      0.05764033767011603,
      -0.21165080165867595,
      0.03763292480194509,
      -0.09136971682370391,
      0.12048732651379479,
      0.1425694419261873,
      0.0311161076960842,
      0.03511569320638787
    ],
    [
      0.7368251667229495,
      0.5642401222934299,
      1.0,
      0.2166232530835758,
      0.24579060388689145,
      0.16452189352267185,
      0.2953330770854507,
      0.34718649195554013,
      0.06578966120988443,
      0.024905429547026892,
      0.0661205113632949,
      -0.20845932213396517,
      0.010088849014494172,
      -0.08224515934862382,
      0.1529357233170838,
      0.18359888451587833,
      0.04540410940329318,
      0.05073664179258028
    ],
    [
      0.21007078206652385,
      0.23295691875348923,
      0.2166232530835758,
      1.0,
      0.5737953228486429,
      0.5121229986714255,
      0.4870717741694486,
      0.5498946898068975,
      0.03186370556418902,
      0.024441089324235915,
      0.038939501246300745,
      -0.11126231809680653,
      -0.19243172514161178,
      0.0567779739285378,
      0.050823205981933926,
      0.18468288763279553,
      0.04378240595567839,
      0.04469694437106261
    ],
    [
      0.24486194496125382,
      0.2796992230600701,
      0.24579060388689145,
      0.5737953228486429,
      1.0,
      0.10316672447978247,
      0.41620800936205177,
      0.39230344182895205,
      0.014550263813473144,
      0.021467557595341476,
      0.035103063516727435,
      -0.07654932562514594,
      -0.0797475528046186,
      0.0325940663008972,
      0.003218184706980742,
      0.17594949672639354,
      0.03328092762966774,
      0.032113194116354965
    ],
    [
      0.15700086046396924,
      0.14133151168032354,
      0.16452189352267185,
      0.5121229986714255,
      0.10316672447978247,
      1.0,
      0.2067210158621534,
      0.1456852799709086,
      0.03337483713824456,
      0.02543804676635879,
      0.040110207731472704,
      0.001753718524245474,
      -0.09807019567442203,
      0.04624902709936283,
      0.02781209404772938,
      0.11723220130010875,
      0.05216609162254518,
      0.05586012650447941
    ],
    [
      0.2707135407919134,
      0.26818500540293055,
      0.2953330770854507,
      0.4870717741694486,
      0.41620800936205177,
      0.2067210158621534,
      1.0,
      0.518256342320437,
      0.03820895146043536,
      0.029907838951428758,
      0.055211848665515935,
      -0.08051701038028788,
      -0.10164735303863716,
      0.06809512274667509,
      0.09771957955632657,
      0.141534404620854,
      0.037328015180845664,
      0.036009706687170795
    ],
    [
      0.34024255256229463,
      0.3216541932311229,
      0.34718649195554013,
      0.5498946898068975,
      0.39230344182895205,
      0.1456852799709086,
      0.518256342320437,
      1.0,
      0.04677252209101474,
      0.01463628814199928,
      0.05032536402698859,
      -0.19296156451139299,
      -0.1555034032496063,
      0.029840586699758233,
      0.159768720532178,
      0.22437390947170258,
      0.034052396341927804,
      0.03609036065033116
    ],
    [
      0.06605217220036425,
      0.06466299159896842,
      0.06578966120988443,
      0.03186370556418902,
      0.014550263813473144,
      0.03337483713824456,
      0.03820895146043536,
      0.04677252209101474,
      1.0,
      0.05527909162034386,
      0.23833976893203151,
      0.12391921067378972,
      0.22186666636909633,
      0.15859431818490938,
      0.12288080641243111,
      -0.055767868944207794,
      0.08807768436754704,
      0.09314264076599156
    ],
    [
      0.03553438085936074,
      0.021693503084356705,
      0.024905429547026892,
      0.024441089324235915,
      0.021467557595341476,
      0.02543804676635879,
      0.029907838951428758,
      0.01463628814199928,
      0.05527909162034386,
      1.0,
      0.06508515553770026,
      0.049198511105791626,
      0.030331658830721593,
      0.04151902003957289,
      0.024963669656784256,
      0.012506507121177436,
      0.06814402726874924,
      0.06716816074797075
    ],
    [
      0.08163693523061727,
      0.05764033767011603,
      0.0661205113632949,
      0.038939501246300745,
      0.035103063516727435,
      0.040110207731472704,
      0.055211848665515935,
      0.05032536402698859,
      0.23833976893203151,
      0.06508515553770026,
      1.0,
      0.11600102623869037,
      0.2022940205498071,
      0.145790450529937,
      0.09491524979118109,
      -0.02804015777296105,
      0.09750533314568263,
      0.10017270647893343
    ],
    [
      -0.16013545991687322,
      -0.21165080165867595,
      -0.20845932213396517,
      -0.11126231809680653,
      -0.07654932562514594,
      0.001753718524245474,
      -0.08051701038028788,
      -0.19296156451139299,
      0.12391921067378972,
      0.049198511105791626,
      0.11600102623869037,
      1.0,
      0.41602341041788726,
      0.33130486992799635,
      0.02169508870011065,
      -0.07802325811677659,
      0.078190550242187,
      0.0748957996582748
    ],
    [
      -0.007240153459678785,
      0.03763292480194509,
      0.010088849014494172,
      -0.19243172514161178,
      -0.0797475528046186,
      -0.09807019567442203,
      -0.10164735303863716,
      -0.1555034032496063,
      0.22186666636909633,
      0.030331658830721593,
      0.2022940205498071,
      0.41602341041788726,
      1.0,
      0.3792294222510399,
      0.0949645357661283,
      -0.12935264655412823,
      0.05519136270009091,
      0.058106358202089065
    ],
    [
      -0.05564980943949589,
      -0.09136971682370391,
      -0.08224515934862382,
      0.0567779739285378,
      0.0325940663008972,
      0.04624902709936283,
      0.06809512274667509,
      0.029840586699758233,
      0.15859431818490938,
      0.04151902003957289,
      0.145790450529937,
      0.33130486992799635,
      0.3792294222510399,
      1.0,
      0.01802293751688542,
      -0.03237351967438437,
      0.0704731552897768,
      0.07581490077942757
    ],
    [
      0.14647846781048818,
      0.12048732651379479,
      0.1529357233170838,
      0.050823205981933926,
      0.003218184706980742,
      0.02781209404772938,
      0.09771957955632657,
      0.159768720532178,
      0.12288080641243111,
      0.024963669656784256,
      0.09491524979118109,
      0.02169508870011065,
      0.0949645357661283,
      0.01802293751688542,
      1.0,
      0.1676186253700358,
      0.04515486346154278,
      0.036506467619744146
    ],
    [
      0.17592688563422754,
      0.1425694419261873,
      0.18359888451587833,
      0.18468288763279553,
      0.17594949672639354,
      0.11723220130010875,
      0.141534404620854,
      0.22437390947170258,
      -0.055767868944207794,
      0.012506507121177436,
      -0.02804015777296105,
      -0.07802325811677659,
      -0.12935264655412823,
      -0.03237351967438437,
      0.1676186253700358,
      1.0,
      0.028219543571397852,
      0.020546479907936812
    ],
    [
      0.04554220473917489,
      0.0311161076960842,
      0.04540410940329318,
      0.04378240595567839,
      0.03328092762966774,
      0.05216609162254518,
      0.037328015180845664,
      0.034052396341927804,
      0.08807768436754704,
      0.06814402726874924,
      0.09750533314568263,
      0.078190550242187,
      0.05519136270009091,
      0.0704731552897768,
      0.04515486346154278,
      0.028219543571397852,
      1.0,
      0.10168187692348235
    ],
    [
      0.05323865768511375,
      0.03511569320638787,
      0.05073664179258028,
      0.04469694437106261,
      0.032113194116354965,
      0.05586012650447941,
      0.036009706687170795,
      0.03609036065033116,
      0.09314264076599156,
      0.06716816074797075,
      0.10017270647893343,
      0.0748957996582748,
      0.058106358202089065,
      0.07581490077942757,
      0.036506467619744146,
      0.020546479907936812,
      0.10168187692348235,
      1.0
    ]
  ],
  "volatilities": [
    0.18064050625239755,
    0.28299181172614274,
    0.18027886219620476,
    0.1893087353577659,
    0.259914004265051,
    0.15467959965063577,
    0.22641715697041506,
    0.25878302690951466,
    0.05393133809657075,
    0.10153443874594965,
    0.030929400930065853,
    0.07669601057816593,
    0.14049690530546396,
    0.09439222948872261,
    0.18312862194550106,
    0.3212074419883451,
    0.001469846668777503,
    0.015800703525644937
  ],
  "shrinkage": 0.2
}